  0,   1,   8,   9,  64,  65,  72,  73, 512, 513, 520, 521, 576, 577, 584, 585,
  2,   3,  10,  11,  66,  67,  74,  75, 514, 515, 522, 523, 578, 579, 586, 587,
 16,  17,  24,  25,  80,  81,  88,  89, 528, 529, 536, 537, 592, 593, 600, 601,
 18,  19,  26,  27,  82,  83,  90,  91, 530, 531, 538, 539, 594, 595, 602, 603,
128, 129, 136, 137, 192, 193, 200, 201, 640, 641, 648, 649, 704, 705, 712, 713,
130, 131, 138, 139, 194, 195, 202, 203, 642, 643, 650, 651, 706, 707, 714, 715,
144, 145, 152, 153, 208, 209, 216, 217, 656, 657, 664, 665, 720, 721, 728, 729,
146, 147, 154, 155, 210, 211, 218, 219, 658, 659, 666, 667, 722, 723, 730, 731,
1024, 1025, 1032, 1033, 1088, 1089, 1096, 1097, 1536, 1537, 1544, 1545, 1600, 1601, 1608, 1609,
1026, 1027, 1034, 1035, 1090, 1091, 1098, 1099, 1538, 1539, 1546, 1547, 1602, 1603, 1610, 1611,
1040, 1041, 1048, 1049, 1104, 1105, 1112, 1113, 1552, 1553, 1560, 1561, 1616, 1617, 1624, 1625,
1042, 1043, 1050, 1051, 1106, 1107, 1114, 1115, 1554, 1555, 1562, 1563, 1618, 1619, 1626, 1627,
1152, 1153, 1160, 1161, 1216, 1217, 1224, 1225, 1664, 1665, 1672, 1673, 1728, 1729, 1736, 1737,
1154, 1155, 1162, 1163, 1218, 1219, 1226, 1227, 1666, 1667, 1674, 1675, 1730, 1731, 1738, 1739,
1168, 1169, 1176, 1177, 1232, 1233, 1240, 1241, 1680, 1681, 1688, 1689, 1744, 1745, 1752, 1753,
1170, 1171, 1178, 1179, 1234, 1235, 1242, 1243, 1682, 1683, 1690, 1691, 1746, 1747, 1754, 1755,


  4,   5,  12,  13,  68,  69,  76,  77, 516, 517, 524, 525, 580, 581, 588, 589,
  6,   7,  14,  15,  70,  71,  78,  79, 518, 519, 526, 527, 582, 583, 590, 591,
 20,  21,  28,  29,  84,  85,  92,  93, 532, 533, 540, 541, 596, 597, 604, 605,
 22,  23,  30,  31,  86,  87,  94,  95, 534, 535, 542, 543, 598, 599, 606, 607,
132, 133, 140, 141, 196, 197, 204, 205, 644, 645, 652, 653, 708, 709, 716, 717,
134, 135, 142, 143, 198, 199, 206, 207, 646, 647, 654, 655, 710, 711, 718, 719,
148, 149, 156, 157, 212, 213, 220, 221, 660, 661, 668, 669, 724, 725, 732, 733,
150, 151, 158, 159, 214, 215, 222, 223, 662, 663, 670, 671, 726, 727, 734, 735,
1028, 1029, 1036, 1037, 1092, 1093, 1100, 1101, 1540, 1541, 1548, 1549, 1604, 1605, 1612, 1613,
1030, 1031, 1038, 1039, 1094, 1095, 1102, 1103, 1542, 1543, 1550, 1551, 1606, 1607, 1614, 1615,
1044, 1045, 1052, 1053, 1108, 1109, 1116, 1117, 1556, 1557, 1564, 1565, 1620, 1621, 1628, 1629,
1046, 1047, 1054, 1055, 1110, 1111, 1118, 1119, 1558, 1559, 1566, 1567, 1622, 1623, 1630, 1631,
1156, 1157, 1164, 1165, 1220, 1221, 1228, 1229, 1668, 1669, 1676, 1677, 1732, 1733, 1740, 1741,
1158, 1159, 1166, 1167, 1222, 1223, 1230, 1231, 1670, 1671, 1678, 1679, 1734, 1735, 1742, 1743,
1172, 1173, 1180, 1181, 1236, 1237, 1244, 1245, 1684, 1685, 1692, 1693, 1748, 1749, 1756, 1757,
1174, 1175, 1182, 1183, 1238, 1239, 1246, 1247, 1686, 1687, 1694, 1695, 1750, 1751, 1758, 1759,


 32,  33,  40,  41,  96,  97, 104, 105, 544, 545, 552, 553, 608, 609, 616, 617,
 34,  35,  42,  43,  98,  99, 106, 107, 546, 547, 554, 555, 610, 611, 618, 619,
 48,  49,  56,  57, 112, 113, 120, 121, 560, 561, 568, 569, 624, 625, 632, 633,
 50,  51,  58,  59, 114, 115, 122, 123, 562, 563, 570, 571, 626, 627, 634, 635,
160, 161, 168, 169, 224, 225, 232, 233, 672, 673, 680, 681, 736, 737, 744, 745,
162, 163, 170, 171, 226, 227, 234, 235, 674, 675, 682, 683, 738, 739, 746, 747,
176, 177, 184, 185, 240, 241, 248, 249, 688, 689, 696, 697, 752, 753, 760, 761,
178, 179, 186, 187, 242, 243, 250, 251, 690, 691, 698, 699, 754, 755, 762, 763,
1056, 1057, 1064, 1065, 1120, 1121, 1128, 1129, 1568, 1569, 1576, 1577, 1632, 1633, 1640, 1641,
1058, 1059, 1066, 1067, 1122, 1123, 1130, 1131, 1570, 1571, 1578, 1579, 1634, 1635, 1642, 1643,
1072, 1073, 1080, 1081, 1136, 1137, 1144, 1145, 1584, 1585, 1592, 1593, 1648, 1649, 1656, 1657,
1074, 1075, 1082, 1083, 1138, 1139, 1146, 1147, 1586, 1587, 1594, 1595, 1650, 1651, 1658, 1659,
1184, 1185, 1192, 1193, 1248, 1249, 1256, 1257, 1696, 1697, 1704, 1705, 1760, 1761, 1768, 1769,
1186, 1187, 1194, 1195, 1250, 1251, 1258, 1259, 1698, 1699, 1706, 1707, 1762, 1763, 1770, 1771,
1200, 1201, 1208, 1209, 1264, 1265, 1272, 1273, 1712, 1713, 1720, 1721, 1776, 1777, 1784, 1785,
1202, 1203, 1210, 1211, 1266, 1267, 1274, 1275, 1714, 1715, 1722, 1723, 1778, 1779, 1786, 1787,


 36,  37,  44,  45, 100, 101, 108, 109, 548, 549, 556, 557, 612, 613, 620, 621,
 38,  39,  46,  47, 102, 103, 110, 111, 550, 551, 558, 559, 614, 615, 622, 623,
 52,  53,  60,  61, 116, 117, 124, 125, 564, 565, 572, 573, 628, 629, 636, 637,
 54,  55,  62,  63, 118, 119, 126, 127, 566, 567, 574, 575, 630, 631, 638, 639,
164, 165, 172, 173, 228, 229, 236, 237, 676, 677, 684, 685, 740, 741, 748, 749,
166, 167, 174, 175, 230, 231, 238, 239, 678, 679, 686, 687, 742, 743, 750, 751,
180, 181, 188, 189, 244, 245, 252, 253, 692, 693, 700, 701, 756, 757, 764, 765,
182, 183, 190, 191, 246, 247, 254, 255, 694, 695, 702, 703, 758, 759, 766, 767,
1060, 1061, 1068, 1069, 1124, 1125, 1132, 1133, 1572, 1573, 1580, 1581, 1636, 1637, 1644, 1645,
1062, 1063, 1070, 1071, 1126, 1127, 1134, 1135, 1574, 1575, 1582, 1583, 1638, 1639, 1646, 1647,
1076, 1077, 1084, 1085, 1140, 1141, 1148, 1149, 1588, 1589, 1596, 1597, 1652, 1653, 1660, 1661,
1078, 1079, 1086, 1087, 1142, 1143, 1150, 1151, 1590, 1591, 1598, 1599, 1654, 1655, 1662, 1663,
1188, 1189, 1196, 1197, 1252, 1253, 1260, 1261, 1700, 1701, 1708, 1709, 1764, 1765, 1772, 1773,
1190, 1191, 1198, 1199, 1254, 1255, 1262, 1263, 1702, 1703, 1710, 1711, 1766, 1767, 1774, 1775,
1204, 1205, 1212, 1213, 1268, 1269, 1276, 1277, 1716, 1717, 1724, 1725, 1780, 1781, 1788, 1789,
1206, 1207, 1214, 1215, 1270, 1271, 1278, 1279, 1718, 1719, 1726, 1727, 1782, 1783, 1790, 1791,


256, 257, 264, 265, 320, 321, 328, 329, 768, 769, 776, 777, 832, 833, 840, 841,
258, 259, 266, 267, 322, 323, 330, 331, 770, 771, 778, 779, 834, 835, 842, 843,
272, 273, 280, 281, 336, 337, 344, 345, 784, 785, 792, 793, 848, 849, 856, 857,
274, 275, 282, 283, 338, 339, 346, 347, 786, 787, 794, 795, 850, 851, 858, 859,
384, 385, 392, 393, 448, 449, 456, 457, 896, 897, 904, 905, 960, 961, 968, 969,
386, 387, 394, 395, 450, 451, 458, 459, 898, 899, 906, 907, 962, 963, 970, 971,
400, 401, 408, 409, 464, 465, 472, 473, 912, 913, 920, 921, 976, 977, 984, 985,
402, 403, 410, 411, 466, 467, 474, 475, 914, 915, 922, 923, 978, 979, 986, 987,
1280, 1281, 1288, 1289, 1344, 1345, 1352, 1353, 1792, 1793, 1800, 1801, 1856, 1857, 1864, 1865,
1282, 1283, 1290, 1291, 1346, 1347, 1354, 1355, 1794, 1795, 1802, 1803, 1858, 1859, 1866, 1867,
1296, 1297, 1304, 1305, 1360, 1361, 1368, 1369, 1808, 1809, 1816, 1817, 1872, 1873, 1880, 1881,
1298, 1299, 1306, 1307, 1362, 1363, 1370, 1371, 1810, 1811, 1818, 1819, 1874, 1875, 1882, 1883,
1408, 1409, 1416, 1417, 1472, 1473, 1480, 1481, 1920, 1921, 1928, 1929, 1984, 1985, 1992, 1993,
1410, 1411, 1418, 1419, 1474, 1475, 1482, 1483, 1922, 1923, 1930, 1931, 1986, 1987, 1994, 1995,
1424, 1425, 1432, 1433, 1488, 1489, 1496, 1497, 1936, 1937, 1944, 1945, 2000, 2001, 2008, 2009,
1426, 1427, 1434, 1435, 1490, 1491, 1498, 1499, 1938, 1939, 1946, 1947, 2002, 2003, 2010, 2011,


260, 261, 268, 269, 324, 325, 332, 333, 772, 773, 780, 781, 836, 837, 844, 845,
262, 263, 270, 271, 326, 327, 334, 335, 774, 775, 782, 783, 838, 839, 846, 847,
276, 277, 284, 285, 340, 341, 348, 349, 788, 789, 796, 797, 852, 853, 860, 861,
278, 279, 286, 287, 342, 343, 350, 351, 790, 791, 798, 799, 854, 855, 862, 863,
388, 389, 396, 397, 452, 453, 460, 461, 900, 901, 908, 909, 964, 965, 972, 973,
390, 391, 398, 399, 454, 455, 462, 463, 902, 903, 910, 911, 966, 967, 974, 975,
404, 405, 412, 413, 468, 469, 476, 477, 916, 917, 924, 925, 980, 981, 988, 989,
406, 407, 414, 415, 470, 471, 478, 479, 918, 919, 926, 927, 982, 983, 990, 991,
1284, 1285, 1292, 1293, 1348, 1349, 1356, 1357, 1796, 1797, 1804, 1805, 1860, 1861, 1868, 1869,
1286, 1287, 1294, 1295, 1350, 1351, 1358, 1359, 1798, 1799, 1806, 1807, 1862, 1863, 1870, 1871,
1300, 1301, 1308, 1309, 1364, 1365, 1372, 1373, 1812, 1813, 1820, 1821, 1876, 1877, 1884, 1885,
1302, 1303, 1310, 1311, 1366, 1367, 1374, 1375, 1814, 1815, 1822, 1823, 1878, 1879, 1886, 1887,
1412, 1413, 1420, 1421, 1476, 1477, 1484, 1485, 1924, 1925, 1932, 1933, 1988, 1989, 1996, 1997,
1414, 1415, 1422, 1423, 1478, 1479, 1486, 1487, 1926, 1927, 1934, 1935, 1990, 1991, 1998, 1999,
1428, 1429, 1436, 1437, 1492, 1493, 1500, 1501, 1940, 1941, 1948, 1949, 2004, 2005, 2012, 2013,
1430, 1431, 1438, 1439, 1494, 1495, 1502, 1503, 1942, 1943, 1950, 1951, 2006, 2007, 2014, 2015,


288, 289, 296, 297, 352, 353, 360, 361, 800, 801, 808, 809, 864, 865, 872, 873,
290, 291, 298, 299, 354, 355, 362, 363, 802, 803, 810, 811, 866, 867, 874, 875,
304, 305, 312, 313, 368, 369, 376, 377, 816, 817, 824, 825, 880, 881, 888, 889,
306, 307, 314, 315, 370, 371, 378, 379, 818, 819, 826, 827, 882, 883, 890, 891,
416, 417, 424, 425, 480, 481, 488, 489, 928, 929, 936, 937, 992, 993, 1000, 1001,
418, 419, 426, 427, 482, 483, 490, 491, 930, 931, 938, 939, 994, 995, 1002, 1003,
432, 433, 440, 441, 496, 497, 504, 505, 944, 945, 952, 953, 1008, 1009, 1016, 1017,
434, 435, 442, 443, 498, 499, 506, 507, 946, 947, 954, 955, 1010, 1011, 1018, 1019,
1312, 1313, 1320, 1321, 1376, 1377, 1384, 1385, 1824, 1825, 1832, 1833, 1888, 1889, 1896, 1897,
1314, 1315, 1322, 1323, 1378, 1379, 1386, 1387, 1826, 1827, 1834, 1835, 1890, 1891, 1898, 1899,
1328, 1329, 1336, 1337, 1392, 1393, 1400, 1401, 1840, 1841, 1848, 1849, 1904, 1905, 1912, 1913,
1330, 1331, 1338, 1339, 1394, 1395, 1402, 1403, 1842, 1843, 1850, 1851, 1906, 1907, 1914, 1915,
1440, 1441, 1448, 1449, 1504, 1505, 1512, 1513, 1952, 1953, 1960, 1961, 2016, 2017, 2024, 2025,
1442, 1443, 1450, 1451, 1506, 1507, 1514, 1515, 1954, 1955, 1962, 1963, 2018, 2019, 2026, 2027,
1456, 1457, 1464, 1465, 1520, 1521, 1528, 1529, 1968, 1969, 1976, 1977, 2032, 2033, 2040, 2041,
1458, 1459, 1466, 1467, 1522, 1523, 1530, 1531, 1970, 1971, 1978, 1979, 2034, 2035, 2042, 2043,


292, 293, 300, 301, 356, 357, 364, 365, 804, 805, 812, 813, 868, 869, 876, 877,
294, 295, 302, 303, 358, 359, 366, 367, 806, 807, 814, 815, 870, 871, 878, 879,
308, 309, 316, 317, 372, 373, 380, 381, 820, 821, 828, 829, 884, 885, 892, 893,
310, 311, 318, 319, 374, 375, 382, 383, 822, 823, 830, 831, 886, 887, 894, 895,
420, 421, 428, 429, 484, 485, 492, 493, 932, 933, 940, 941, 996, 997, 1004, 1005,
422, 423, 430, 431, 486, 487, 494, 495, 934, 935, 942, 943, 998, 999, 1006, 1007,
436, 437, 444, 445, 500, 501, 508, 509, 948, 949, 956, 957, 1012, 1013, 1020, 1021,
438, 439, 446, 447, 502, 503, 510, 511, 950, 951, 958, 959, 1014, 1015, 1022, 1023,
1316, 1317, 1324, 1325, 1380, 1381, 1388, 1389, 1828, 1829, 1836, 1837, 1892, 1893, 1900, 1901,
1318, 1319, 1326, 1327, 1382, 1383, 1390, 1391, 1830, 1831, 1838, 1839, 1894, 1895, 1902, 1903,
1332, 1333, 1340, 1341, 1396, 1397, 1404, 1405, 1844, 1845, 1852, 1853, 1908, 1909, 1916, 1917,
1334, 1335, 1342, 1343, 1398, 1399, 1406, 1407, 1846, 1847, 1854, 1855, 1910, 1911, 1918, 1919,
1444, 1445, 1452, 1453, 1508, 1509, 1516, 1517, 1956, 1957, 1964, 1965, 2020, 2021, 2028, 2029,
1446, 1447, 1454, 1455, 1510, 1511, 1518, 1519, 1958, 1959, 1966, 1967, 2022, 2023, 2030, 2031,
1460, 1461, 1468, 1469, 1524, 1525, 1532, 1533, 1972, 1973, 1980, 1981, 2036, 2037, 2044, 2045,
1462, 1463, 1470, 1471, 1526, 1527, 1534, 1535, 1974, 1975, 1982, 1983, 2038, 2039, 2046, 2047,


2048, 2049, 2056, 2057, 2112, 2113, 2120, 2121, 2560, 2561, 2568, 2569, 2624, 2625, 2632, 2633,
2050, 2051, 2058, 2059, 2114, 2115, 2122, 2123, 2562, 2563, 2570, 2571, 2626, 2627, 2634, 2635,
2064, 2065, 2072, 2073, 2128, 2129, 2136, 2137, 2576, 2577, 2584, 2585, 2640, 2641, 2648, 2649,
2066, 2067, 2074, 2075, 2130, 2131, 2138, 2139, 2578, 2579, 2586, 2587, 2642, 2643, 2650, 2651,
2176, 2177, 2184, 2185, 2240, 2241, 2248, 2249, 2688, 2689, 2696, 2697, 2752, 2753, 2760, 2761,
2178, 2179, 2186, 2187, 2242, 2243, 2250, 2251, 2690, 2691, 2698, 2699, 2754, 2755, 2762, 2763,
2192, 2193, 2200, 2201, 2256, 2257, 2264, 2265, 2704, 2705, 2712, 2713, 2768, 2769, 2776, 2777,
2194, 2195, 2202, 2203, 2258, 2259, 2266, 2267, 2706, 2707, 2714, 2715, 2770, 2771, 2778, 2779,
3072, 3073, 3080, 3081, 3136, 3137, 3144, 3145, 3584, 3585, 3592, 3593, 3648, 3649, 3656, 3657,
3074, 3075, 3082, 3083, 3138, 3139, 3146, 3147, 3586, 3587, 3594, 3595, 3650, 3651, 3658, 3659,
3088, 3089, 3096, 3097, 3152, 3153, 3160, 3161, 3600, 3601, 3608, 3609, 3664, 3665, 3672, 3673,
3090, 3091, 3098, 3099, 3154, 3155, 3162, 3163, 3602, 3603, 3610, 3611, 3666, 3667, 3674, 3675,
3200, 3201, 3208, 3209, 3264, 3265, 3272, 3273, 3712, 3713, 3720, 3721, 3776, 3777, 3784, 3785,
3202, 3203, 3210, 3211, 3266, 3267, 3274, 3275, 3714, 3715, 3722, 3723, 3778, 3779, 3786, 3787,
3216, 3217, 3224, 3225, 3280, 3281, 3288, 3289, 3728, 3729, 3736, 3737, 3792, 3793, 3800, 3801,
3218, 3219, 3226, 3227, 3282, 3283, 3290, 3291, 3730, 3731, 3738, 3739, 3794, 3795, 3802, 3803,


2052, 2053, 2060, 2061, 2116, 2117, 2124, 2125, 2564, 2565, 2572, 2573, 2628, 2629, 2636, 2637,
2054, 2055, 2062, 2063, 2118, 2119, 2126, 2127, 2566, 2567, 2574, 2575, 2630, 2631, 2638, 2639,
2068, 2069, 2076, 2077, 2132, 2133, 2140, 2141, 2580, 2581, 2588, 2589, 2644, 2645, 2652, 2653,
2070, 2071, 2078, 2079, 2134, 2135, 2142, 2143, 2582, 2583, 2590, 2591, 2646, 2647, 2654, 2655,
2180, 2181, 2188, 2189, 2244, 2245, 2252, 2253, 2692, 2693, 2700, 2701, 2756, 2757, 2764, 2765,
2182, 2183, 2190, 2191, 2246, 2247, 2254, 2255, 2694, 2695, 2702, 2703, 2758, 2759, 2766, 2767,
2196, 2197, 2204, 2205, 2260, 2261, 2268, 2269, 2708, 2709, 2716, 2717, 2772, 2773, 2780, 2781,
2198, 2199, 2206, 2207, 2262, 2263, 2270, 2271, 2710, 2711, 2718, 2719, 2774, 2775, 2782, 2783,
3076, 3077, 3084, 3085, 3140, 3141, 3148, 3149, 3588, 3589, 3596, 3597, 3652, 3653, 3660, 3661,
3078, 3079, 3086, 3087, 3142, 3143, 3150, 3151, 3590, 3591, 3598, 3599, 3654, 3655, 3662, 3663,
3092, 3093, 3100, 3101, 3156, 3157, 3164, 3165, 3604, 3605, 3612, 3613, 3668, 3669, 3676, 3677,
3094, 3095, 3102, 3103, 3158, 3159, 3166, 3167, 3606, 3607, 3614, 3615, 3670, 3671, 3678, 3679,
3204, 3205, 3212, 3213, 3268, 3269, 3276, 3277, 3716, 3717, 3724, 3725, 3780, 3781, 3788, 3789,
3206, 3207, 3214, 3215, 3270, 3271, 3278, 3279, 3718, 3719, 3726, 3727, 3782, 3783, 3790, 3791,
3220, 3221, 3228, 3229, 3284, 3285, 3292, 3293, 3732, 3733, 3740, 3741, 3796, 3797, 3804, 3805,
3222, 3223, 3230, 3231, 3286, 3287, 3294, 3295, 3734, 3735, 3742, 3743, 3798, 3799, 3806, 3807,


2080, 2081, 2088, 2089, 2144, 2145, 2152, 2153, 2592, 2593, 2600, 2601, 2656, 2657, 2664, 2665,
2082, 2083, 2090, 2091, 2146, 2147, 2154, 2155, 2594, 2595, 2602, 2603, 2658, 2659, 2666, 2667,
2096, 2097, 2104, 2105, 2160, 2161, 2168, 2169, 2608, 2609, 2616, 2617, 2672, 2673, 2680, 2681,
2098, 2099, 2106, 2107, 2162, 2163, 2170, 2171, 2610, 2611, 2618, 2619, 2674, 2675, 2682, 2683,
2208, 2209, 2216, 2217, 2272, 2273, 2280, 2281, 2720, 2721, 2728, 2729, 2784, 2785, 2792, 2793,
2210, 2211, 2218, 2219, 2274, 2275, 2282, 2283, 2722, 2723, 2730, 2731, 2786, 2787, 2794, 2795,
2224, 2225, 2232, 2233, 2288, 2289, 2296, 2297, 2736, 2737, 2744, 2745, 2800, 2801, 2808, 2809,
2226, 2227, 2234, 2235, 2290, 2291, 2298, 2299, 2738, 2739, 2746, 2747, 2802, 2803, 2810, 2811,
3104, 3105, 3112, 3113, 3168, 3169, 3176, 3177, 3616, 3617, 3624, 3625, 3680, 3681, 3688, 3689,
3106, 3107, 3114, 3115, 3170, 3171, 3178, 3179, 3618, 3619, 3626, 3627, 3682, 3683, 3690, 3691,
3120, 3121, 3128, 3129, 3184, 3185, 3192, 3193, 3632, 3633, 3640, 3641, 3696, 3697, 3704, 3705,
3122, 3123, 3130, 3131, 3186, 3187, 3194, 3195, 3634, 3635, 3642, 3643, 3698, 3699, 3706, 3707,
3232, 3233, 3240, 3241, 3296, 3297, 3304, 3305, 3744, 3745, 3752, 3753, 3808, 3809, 3816, 3817,
3234, 3235, 3242, 3243, 3298, 3299, 3306, 3307, 3746, 3747, 3754, 3755, 3810, 3811, 3818, 3819,
3248, 3249, 3256, 3257, 3312, 3313, 3320, 3321, 3760, 3761, 3768, 3769, 3824, 3825, 3832, 3833,
3250, 3251, 3258, 3259, 3314, 3315, 3322, 3323, 3762, 3763, 3770, 3771, 3826, 3827, 3834, 3835,


2084, 2085, 2092, 2093, 2148, 2149, 2156, 2157, 2596, 2597, 2604, 2605, 2660, 2661, 2668, 2669,
2086, 2087, 2094, 2095, 2150, 2151, 2158, 2159, 2598, 2599, 2606, 2607, 2662, 2663, 2670, 2671,
2100, 2101, 2108, 2109, 2164, 2165, 2172, 2173, 2612, 2613, 2620, 2621, 2676, 2677, 2684, 2685,
2102, 2103, 2110, 2111, 2166, 2167, 2174, 2175, 2614, 2615, 2622, 2623, 2678, 2679, 2686, 2687,
2212, 2213, 2220, 2221, 2276, 2277, 2284, 2285, 2724, 2725, 2732, 2733, 2788, 2789, 2796, 2797,
2214, 2215, 2222, 2223, 2278, 2279, 2286, 2287, 2726, 2727, 2734, 2735, 2790, 2791, 2798, 2799,
2228, 2229, 2236, 2237, 2292, 2293, 2300, 2301, 2740, 2741, 2748, 2749, 2804, 2805, 2812, 2813,
2230, 2231, 2238, 2239, 2294, 2295, 2302, 2303, 2742, 2743, 2750, 2751, 2806, 2807, 2814, 2815,
3108, 3109, 3116, 3117, 3172, 3173, 3180, 3181, 3620, 3621, 3628, 3629, 3684, 3685, 3692, 3693,
3110, 3111, 3118, 3119, 3174, 3175, 3182, 3183, 3622, 3623, 3630, 3631, 3686, 3687, 3694, 3695,
3124, 3125, 3132, 3133, 3188, 3189, 3196, 3197, 3636, 3637, 3644, 3645, 3700, 3701, 3708, 3709,
3126, 3127, 3134, 3135, 3190, 3191, 3198, 3199, 3638, 3639, 3646, 3647, 3702, 3703, 3710, 3711,
3236, 3237, 3244, 3245, 3300, 3301, 3308, 3309, 3748, 3749, 3756, 3757, 3812, 3813, 3820, 3821,
3238, 3239, 3246, 3247, 3302, 3303, 3310, 3311, 3750, 3751, 3758, 3759, 3814, 3815, 3822, 3823,
3252, 3253, 3260, 3261, 3316, 3317, 3324, 3325, 3764, 3765, 3772, 3773, 3828, 3829, 3836, 3837,
3254, 3255, 3262, 3263, 3318, 3319, 3326, 3327, 3766, 3767, 3774, 3775, 3830, 3831, 3838, 3839,


2304, 2305, 2312, 2313, 2368, 2369, 2376, 2377, 2816, 2817, 2824, 2825, 2880, 2881, 2888, 2889,
2306, 2307, 2314, 2315, 2370, 2371, 2378, 2379, 2818, 2819, 2826, 2827, 2882, 2883, 2890, 2891,
2320, 2321, 2328, 2329, 2384, 2385, 2392, 2393, 2832, 2833, 2840, 2841, 2896, 2897, 2904, 2905,
2322, 2323, 2330, 2331, 2386, 2387, 2394, 2395, 2834, 2835, 2842, 2843, 2898, 2899, 2906, 2907,
2432, 2433, 2440, 2441, 2496, 2497, 2504, 2505, 2944, 2945, 2952, 2953, 3008, 3009, 3016, 3017,
2434, 2435, 2442, 2443, 2498, 2499, 2506, 2507, 2946, 2947, 2954, 2955, 3010, 3011, 3018, 3019,
2448, 2449, 2456, 2457, 2512, 2513, 2520, 2521, 2960, 2961, 2968, 2969, 3024, 3025, 3032, 3033,
2450, 2451, 2458, 2459, 2514, 2515, 2522, 2523, 2962, 2963, 2970, 2971, 3026, 3027, 3034, 3035,
3328, 3329, 3336, 3337, 3392, 3393, 3400, 3401, 3840, 3841, 3848, 3849, 3904, 3905, 3912, 3913,
3330, 3331, 3338, 3339, 3394, 3395, 3402, 3403, 3842, 3843, 3850, 3851, 3906, 3907, 3914, 3915,
3344, 3345, 3352, 3353, 3408, 3409, 3416, 3417, 3856, 3857, 3864, 3865, 3920, 3921, 3928, 3929,
3346, 3347, 3354, 3355, 3410, 3411, 3418, 3419, 3858, 3859, 3866, 3867, 3922, 3923, 3930, 3931,
3456, 3457, 3464, 3465, 3520, 3521, 3528, 3529, 3968, 3969, 3976, 3977, 4032, 4033, 4040, 4041,
3458, 3459, 3466, 3467, 3522, 3523, 3530, 3531, 3970, 3971, 3978, 3979, 4034, 4035, 4042, 4043,
3472, 3473, 3480, 3481, 3536, 3537, 3544, 3545, 3984, 3985, 3992, 3993, 4048, 4049, 4056, 4057,
3474, 3475, 3482, 3483, 3538, 3539, 3546, 3547, 3986, 3987, 3994, 3995, 4050, 4051, 4058, 4059,


2308, 2309, 2316, 2317, 2372, 2373, 2380, 2381, 2820, 2821, 2828, 2829, 2884, 2885, 2892, 2893,
2310, 2311, 2318, 2319, 2374, 2375, 2382, 2383, 2822, 2823, 2830, 2831, 2886, 2887, 2894, 2895,
2324, 2325, 2332, 2333, 2388, 2389, 2396, 2397, 2836, 2837, 2844, 2845, 2900, 2901, 2908, 2909,
2326, 2327, 2334, 2335, 2390, 2391, 2398, 2399, 2838, 2839, 2846, 2847, 2902, 2903, 2910, 2911,
2436, 2437, 2444, 2445, 2500, 2501, 2508, 2509, 2948, 2949, 2956, 2957, 3012, 3013, 3020, 3021,
2438, 2439, 2446, 2447, 2502, 2503, 2510, 2511, 2950, 2951, 2958, 2959, 3014, 3015, 3022, 3023,
2452, 2453, 2460, 2461, 2516, 2517, 2524, 2525, 2964, 2965, 2972, 2973, 3028, 3029, 3036, 3037,
2454, 2455, 2462, 2463, 2518, 2519, 2526, 2527, 2966, 2967, 2974, 2975, 3030, 3031, 3038, 3039,
3332, 3333, 3340, 3341, 3396, 3397, 3404, 3405, 3844, 3845, 3852, 3853, 3908, 3909, 3916, 3917,
3334, 3335, 3342, 3343, 3398, 3399, 3406, 3407, 3846, 3847, 3854, 3855, 3910, 3911, 3918, 3919,
3348, 3349, 3356, 3357, 3412, 3413, 3420, 3421, 3860, 3861, 3868, 3869, 3924, 3925, 3932, 3933,
3350, 3351, 3358, 3359, 3414, 3415, 3422, 3423, 3862, 3863, 3870, 3871, 3926, 3927, 3934, 3935,
3460, 3461, 3468, 3469, 3524, 3525, 3532, 3533, 3972, 3973, 3980, 3981, 4036, 4037, 4044, 4045,
3462, 3463, 3470, 3471, 3526, 3527, 3534, 3535, 3974, 3975, 3982, 3983, 4038, 4039, 4046, 4047,
3476, 3477, 3484, 3485, 3540, 3541, 3548, 3549, 3988, 3989, 3996, 3997, 4052, 4053, 4060, 4061,
3478, 3479, 3486, 3487, 3542, 3543, 3550, 3551, 3990, 3991, 3998, 3999, 4054, 4055, 4062, 4063,


2336, 2337, 2344, 2345, 2400, 2401, 2408, 2409, 2848, 2849, 2856, 2857, 2912, 2913, 2920, 2921,
2338, 2339, 2346, 2347, 2402, 2403, 2410, 2411, 2850, 2851, 2858, 2859, 2914, 2915, 2922, 2923,
2352, 2353, 2360, 2361, 2416, 2417, 2424, 2425, 2864, 2865, 2872, 2873, 2928, 2929, 2936, 2937,
2354, 2355, 2362, 2363, 2418, 2419, 2426, 2427, 2866, 2867, 2874, 2875, 2930, 2931, 2938, 2939,
2464, 2465, 2472, 2473, 2528, 2529, 2536, 2537, 2976, 2977, 2984, 2985, 3040, 3041, 3048, 3049,
2466, 2467, 2474, 2475, 2530, 2531, 2538, 2539, 2978, 2979, 2986, 2987, 3042, 3043, 3050, 3051,
2480, 2481, 2488, 2489, 2544, 2545, 2552, 2553, 2992, 2993, 3000, 3001, 3056, 3057, 3064, 3065,
2482, 2483, 2490, 2491, 2546, 2547, 2554, 2555, 2994, 2995, 3002, 3003, 3058, 3059, 3066, 3067,
3360, 3361, 3368, 3369, 3424, 3425, 3432, 3433, 3872, 3873, 3880, 3881, 3936, 3937, 3944, 3945,
3362, 3363, 3370, 3371, 3426, 3427, 3434, 3435, 3874, 3875, 3882, 3883, 3938, 3939, 3946, 3947,
3376, 3377, 3384, 3385, 3440, 3441, 3448, 3449, 3888, 3889, 3896, 3897, 3952, 3953, 3960, 3961,
3378, 3379, 3386, 3387, 3442, 3443, 3450, 3451, 3890, 3891, 3898, 3899, 3954, 3955, 3962, 3963,
3488, 3489, 3496, 3497, 3552, 3553, 3560, 3561, 4000, 4001, 4008, 4009, 4064, 4065, 4072, 4073,
3490, 3491, 3498, 3499, 3554, 3555, 3562, 3563, 4002, 4003, 4010, 4011, 4066, 4067, 4074, 4075,
3504, 3505, 3512, 3513, 3568, 3569, 3576, 3577, 4016, 4017, 4024, 4025, 4080, 4081, 4088, 4089,
3506, 3507, 3514, 3515, 3570, 3571, 3578, 3579, 4018, 4019, 4026, 4027, 4082, 4083, 4090, 4091,


2340, 2341, 2348, 2349, 2404, 2405, 2412, 2413, 2852, 2853, 2860, 2861, 2916, 2917, 2924, 2925,
2342, 2343, 2350, 2351, 2406, 2407, 2414, 2415, 2854, 2855, 2862, 2863, 2918, 2919, 2926, 2927,
2356, 2357, 2364, 2365, 2420, 2421, 2428, 2429, 2868, 2869, 2876, 2877, 2932, 2933, 2940, 2941,
2358, 2359, 2366, 2367, 2422, 2423, 2430, 2431, 2870, 2871, 2878, 2879, 2934, 2935, 2942, 2943,
2468, 2469, 2476, 2477, 2532, 2533, 2540, 2541, 2980, 2981, 2988, 2989, 3044, 3045, 3052, 3053,
2470, 2471, 2478, 2479, 2534, 2535, 2542, 2543, 2982, 2983, 2990, 2991, 3046, 3047, 3054, 3055,
2484, 2485, 2492, 2493, 2548, 2549, 2556, 2557, 2996, 2997, 3004, 3005, 3060, 3061, 3068, 3069,
2486, 2487, 2494, 2495, 2550, 2551, 2558, 2559, 2998, 2999, 3006, 3007, 3062, 3063, 3070, 3071,
3364, 3365, 3372, 3373, 3428, 3429, 3436, 3437, 3876, 3877, 3884, 3885, 3940, 3941, 3948, 3949,
3366, 3367, 3374, 3375, 3430, 3431, 3438, 3439, 3878, 3879, 3886, 3887, 3942, 3943, 3950, 3951,
3380, 3381, 3388, 3389, 3444, 3445, 3452, 3453, 3892, 3893, 3900, 3901, 3956, 3957, 3964, 3965,
3382, 3383, 3390, 3391, 3446, 3447, 3454, 3455, 3894, 3895, 3902, 3903, 3958, 3959, 3966, 3967,
3492, 3493, 3500, 3501, 3556, 3557, 3564, 3565, 4004, 4005, 4012, 4013, 4068, 4069, 4076, 4077,
3494, 3495, 3502, 3503, 3558, 3559, 3566, 3567, 4006, 4007, 4014, 4015, 4070, 4071, 4078, 4079,
3508, 3509, 3516, 3517, 3572, 3573, 3580, 3581, 4020, 4021, 4028, 4029, 4084, 4085, 4092, 4093,
3510, 3511, 3518, 3519, 3574, 3575, 3582, 3583, 4022, 4023, 4030, 4031, 4086, 4087, 4094, 4095,