6.0  9.8e-23 
7.0  7.195e-21 
8.0  1.3724e-20 
9.0  1.9214e-20 
10.0  2.3682e-20 
11.0  2.7932e-20 
12.0  3.3344e-20 
13.0  3.8096999999999997e-20 
14.0  4.2202999999999997e-20 
15.0  4.5713e-20 
16.0  4.8693999999999996e-20 
17.0  5.1212999999999994e-20 
18.0  5.3331999999999996e-20 
19.0  5.5106e-20 
20.0  5.658499999999999e-20 
21.0  5.780899999999999e-20 
22.0  5.8815e-20 
23.0  5.9631e-20 
24.0  6.0286e-20 
25.0  6.08e-20 
26.0  6.119399999999999e-20 
27.0  6.1483e-20 
28.0  6.168e-20 
29.0  6.179999999999999e-20 
30.0  6.1851e-20 
32.0  6.1782e-20 
34.0  6.1534e-20 
35.0  6.135699999999999e-20 
36.0  6.115e-20 
38.0  6.066399999999999e-20 
40.0  6.0103e-20 
45.0  5.8486e-20 
50.0  5.6717e-20 
55.0  5.490899999999999e-20 
60.0  5.3124e-20 
65.0  5.1394e-20 
70.0  4.9736e-20 
75.0  4.8158e-20 
80.0  4.6661e-20 
85.0  4.5243999999999996e-20 
90.0  4.3917999999999995e-20 
95.0  4.2682e-20 
100.0  4.1516e-20 
105.0  4.0414e-20 
110.0  3.9372e-20 
115.0  3.8385e-20 
120.0  3.745e-20 
125.0  3.6562999999999995e-20 
130.0  3.5719e-20 
135.0  3.4917999999999997e-20 
140.0  3.4157e-20 
145.0  3.3432e-20 
150.0  3.274e-20 
155.0  3.2078999999999997e-20 
160.0  3.1447e-20 
165.0  3.0842e-20 
170.0  3.0261999999999997e-20 
175.0  2.9706e-20 
180.0  2.9173e-20 
185.0  2.866e-20 
190.0  2.8166999999999996e-20 
195.0  2.7692e-20 
200.0  2.7235e-20 
225.0  2.5180999999999998e-20 
250.0  2.3443999999999997e-20 
275.0  2.1953999999999998e-20 
300.0  2.0660999999999998e-20 
350.0  1.8523e-20 
400.0  1.6822999999999997e-20 
450.0  1.5435e-20 
500.0  1.4279e-20 
600.0  1.2454999999999999e-20 
700.0  1.1076999999999999e-20 
800.0  9.995e-21 
900.0  9.12e-21 
1000.0  8.397e-21 
2000.0  4.803e-21 
3000.0  3.4279999999999995e-21 
4000.0  2.6889999999999994e-21 
5000.0  2.222e-21 
6000.0  1.9e-21 
7000.0  1.663e-21 
8000.0  1.481e-21 
9000.0  1.337e-21 
10000.0  1.2189999999999999e-21 
